18769288480534379109841116355846022252125849782681014746956487250335289831735
4126931060682812646673496997579473271187048442565815268844718877109529134616
21579113919134939143241205323402568478400410381942090783782995235384453496465
1249882909299410425680819360974494801768767119123035776075902125677733975640
21273399882043881108419227478767510050639840730955310814477556000402536699570 5852534692242574143976603696540157268442198627332883982569347096840261197164
13376867014140522952235329178429553357813574533085526292472582352615817007404 21573617793314137338927596337758878427625396032123894656155645909525899542581
7180482873017736152321351633040882133651638208790888158470028341014792732873
10955169756741582155260754638118226068993774556490953959122019635538147665262
20749538692735786882639723094320645902195470574607593578767166115644097555488
20579832884107461690639974150942104606730140966858747773796574684137115913594
11090816209377351566046647578734435618512933107788826358063588137544941932217
15045458946560723545037746658882293167730720360544649400269449236149645013100
5405442754474338676991445383907890721190903802661757923488439245195219531936
16411645029569133266764202494907662917877949008725035282476469512635035415066
5077820713328829356436223038957991069910179842125595157628117207885647296243
17494819133967741433979234079940327812371638454812457814296970299481057167029
