5368880283754404847357941778404710245140888213390291940768173348241776315252 15554837181363977853028749144401737169893514539749533147089511955612951372586
19377398272213831019350008624530510385787256047405666393574723514566391784013 1060431755775826728300048404632805485412577367890012626459479062788976625054
5931687255154251488457574642717482882165959271165142355056152398895370319607
14175254230328748196863292807201363338846792595200737398509208461322322709786
19236021878522147843244894590191767849646039367183904299197378808072071417278 16726353739466871052754923049300423524143939813714586980282634695141562730860
13293964335739678083232149607965189352381492558326105283550619806666412907353 1607549772946470511842698482851226935791234303765252493759551280353620646793
17150931931266435296707362161815076618048924323936386626668372597754458694390 18025274058321508035619792885830706875300197376097388836417464807639708240557
15846890679150592828607351551983120766747731460886135163047600224658805823573 21385886298266444188270661923229362553352348413960331679264973506403157330601
19028160950537933281955356180600870412175661636005112976694795105830822148116
19318236454757652384265565217761994523456391297987206560162185815609524057251
13711057264429879106288703260344785767249631762703530310198640547669129545827 15133216306585728819581782226388525972273615136240950701263842949538382004815
11064421787384688596798426703003233632799946235901307293792069680364882405487 1497057916641394111579091590251313340284507672104740040218147635614799575076
2084619178708940956367795667425351042963470922716161843048266702808259871966 16524174798553260723105035413994592696007066340417660111362532896431097298949
14755379681868648089954520368275775812963652965313178181469324702178277979008 362239728832954023816863115841569906417922912174105167825161842682659999097
2493307108767413480861289312068777032927890407110606658584692284240913137998
19419177815552232916813556703182077346444730897307858282588405411481860467132
10690445755567025612869805633680182616976402002399056864279427383756982868894
9019904431244330077916358776664761740822333553966565315750789747747390147992
694615977491524202930021103087225033138131612271540192735728410389420015516
9434296325829987387411506935679466290703218224769797998379284581682316597166
17896798556320318840299534241964469108172345910537499566154048942557953772730
3663101386882200258477807746156939903841806428609305804626233815966113825930
10991416447335945093338614323722566781279618406231553201732681479041603976126
13543752090786325820253249774284388380767041550227164093577786955150260681455
4965419742123045029100686055994434346484116779601499504383101925780819445179
2314205629174976102100291659286684764671280095142194757374072707440049641927
13276174266476212244734424151897950391853117588951246399236801476046354273596
21834600920740120495149113252874044084272000635306935786598444206324686309918
19540068779606195901005786524047604161427431875137378655742779998729580398247
3312694583647026502836488653630957114350672878270086418122619977202701211035
9835450583851447968754283093194156168810655101638868964136586012202505079601
18717316084576320985894093465014152876060849520258121635266627372459037686205
3568364442863696318579509423262737590894489972545812026156510131293778425569
14172553944169138439424396553283848679751470380884363514787526908513746745712
16312034119903730750555439478110229377774235613719778333110650082794669328353
16323682534895185928981110289528133051569151888199420114010809205242229172658
20901272453317219742436257873421051312318190264213444240002952055366870281810
20401159303523007180560464597631922235091658536508866290370780546081131062173
13967383608417679079366329853223003290075257609317085309567546393174127658522
18722769990079783137637987150234808415177514064013662996222266196536330399786
2834294109150580965788221704538297839910840319232204480505097521631792706499
14386622791264789283121286692936581675194799686126945366343351695968148415100
17186916914928036920686644657759550005334476826276336322025112405745751589011
4339040183678820788118384005455525220739511885817263337295759165257701345589
15630193989646707402529148440602515488513078565124733334738841260016910119848
9649451520444227756132327495152194204913381218924956847517309652267314398705
18126601655519758628362802955168180619341046213282763232570659773971102827457
12816913891645531487006970433295632327866016458458713112790335722092721670813
21113777559522615862843118762089035101997766403206398066053587062217041512820
11721220254117353949603700809201198817572186058661509106302918880884954711900
2012801748793485558990897875272606811141265018879825470757522190722081200552
14380601573569500040796475428908606788037541393862372812849578521400665559486
17147859760456241318538591731411321526548026739425457786764761932460642665391
10438361164657227266610864328019859774128047015715387521392969404815974212467
5175938297017006731404116794854377665552884521029390498850637933501525276821
1529787422871398365773422811328075991927600680816648008366892356331512920365
1874959619403666606004689243016657483020107995049172404531221202827476684093
17137810191230765913161345139813255768914497750515646437480345310220958853462
20873357863385470275356350301949320853573257722626590009851757637055133578964
11340147685671090789177358551072904436064250966481072572031709190578640733357
17704583531882484757355502868506569318621989474715879067166161742904498339785
21827857083927188553494264774617864656289523704966941335148131076357943145345
3100305463242800549013239852309271761416618103195756778549348107941887616455
3552765253608084627645345119872249823294513803878137774881459334531461497290
10162410860845871811385729383989384242326373758820113488526470594175146462222
3707738623432553047770291237759502888027613001752727971599022356013465654659
19562736952911665506035981213413899892824836521958031492062348718290688401019
9109710366478364071309556837308224138052518849272087067564003854083876337958
11569014709295572116119733955580648972993434241991423035726316434093829271583
18549946163373180211066972812556104096224396493949982736708860179235810185094
4936491027840685823450401860214234530273310756097147124121584679909136592812
17922833511496622834968486064848788784086698549034974068033385311546159329132
13004570921292468443310883975136486141306029929957081367454999246571026972585
9022002743517814717460082964821924124341888387391728630551752904840226437929
16110103845338491529914838874909738380050082212692910491605057634393750495038
11377059316005070561496903132302992786689600287353118511969268521607284838996
13490306530904431959720832388041204925250599299648634101022260579770909046439
14846055894311427077620737376361997567986045693992119299642428614987941997872
15717184540050420412962795139066530428436058965179965287999540444696430916513
21187497930923500923570731378020122598527653761821087020028079529323830814541
18246084535102473788777194630124560590212634947936734597994140172307453575384
7410960347429585409003154471418260926254566773171235607832500797962263937046
6314626558284295964560098429322822746241625906243852453823443901822756757365
20564167879045718248508113599242180571784291202997409980460800106852995199426
1579543196451368183471681036298720709273988823868041481158076085093660092408
12625501099317654487486369305612578865819494503673987995841181054653469614939
10189050955063834554085591077425761625074956651021681129816836103102308438884
11018714184809480276126787294107963377268432264467787327458167806426418512075
18909210252211347383799247580436793934799019512716300141255821131941302210717
21689836968964039591907723135960724248244464899534580174183330434471611568503
9155249584815049898380346624173128019745620148430571901477738799653778285037
2254027209047967236296840982753238638744913359480643720067530202948578806821
7374192585916894207366835418396013949760424546174951020477220221985725983369
16698082829691913068737908195205367910988168558290492000517595573373318620559
4177381583802448967136852212154485445626611418088643192899622658681973275790
9623429616479473531419669662751704704957031348683352314173341502847680533054
14914166996527182669138185605844877604436085251561592344555476718845558942509
17934458295179248875077476731947590045289710732552727139514712014893959122326
1195331624842470352045493126535176042143816969125963187837827973980194019167
173940959776635713767499322210319988617042196472946714267573241087130463491
11580935414355622709934784008539592200097669050638850792036574044141640725443
11716018177508481072294755092867878813118418312304833432239171462337859138485
4307887338738472514634803586486580492517219328766213987335168886098367367889
8129204974257578729150391699752553552093813558047617272688368085588617122400
7819489192499275858870462527858630896390910983048779327807881395804974922313
6855349702207164905874703454212615421587235278494475865990688883380355514308
6901634771600601848101738510197918105902403384882973566120648314115604562939
2989036519491821741037140706780161623480060515415569353475223910778620349607
21507677330763365960956843174196123647050068217064819046781882970117044003982
21180047106615251350045050465750663614921142454583716371079477792192172031632
2442067710581855098768306268885586446355459928310168960157583797523991164353
2828464543053766522498721846976356397167838544820894548828599274466666948976
11793082668460633136384091205145732516148079377648452129538399875346889502545
21107831643093185571181921378455217924160555855491585003388328315164245926504
581625065157541209313077742250977609448249147451144512908132753880586421131
4244855568117201679677134790165024755586790812041637581714884604547198692809
20958563111070761666124364980197621755351597774349408892607102884937973434031
300917802872155353412034082535295872784956502902867462797273258353678357949
3493075716042695842345509177593444693129803800323264958617885055923448661284
10220301080142647654447520025742696302557892359949919144281841419651997998806
10666754375200554614939526681921833919375791587539119373730124445339841795714
2624139879093821783275662395471786193203085924059022688728624247703343806125
20102571960170328977347306810689978010453556081731727079026432145047418958668
6588800860806659935532030357489459512910163227214523577417666942440173094847
9706691055573961200451073955313369791069178671667715456563225320594942566786
1451453951129395620030660145078151092353120092969874338835486121574769356816
18605146747490023590238757979526509086366835100647144990696167444053175424841
2876234755863567121514391410212775341385070932299150349373410097752823317312
12872405683869905168679487755352269262488309242289927163866062748295294431079
1056743273591371237820403539742396124706547436749147759162213524250685199310
8228890555894386639448015278485820019516681735642929213238965021732478600583
18567406978199293318188783111302299153180893453310278647753458004184855598784
10536189979255322738196687276789711348070575131462225034854145350818761540178
13091634393264534013695611781205800922217115163624177569177341043787060410108
17511508269508225059924151830114995403158690530504410273213627250941709731060
20239180507699639182354568464929145647499524570300002938036799118866625613399
15159651112214382410071409328154513441659857374242352383715170001488709714424
6307407171727170442218952335621595674536355698883933188679676065844197125947
4775785105081850379901844260162374408774119355283970792931229012769001040979
6723055235473244713084914711392245166875266025665904166001639782448121911162
13767577567378048872288890425660760850980655850614491003464987126026850630862
18143069426001543185125890840852571416859648548416665243789067656699897836185
18802689069344402053402272693114687274206869376053039184811115893023877368326
10124806218359563068183396709295486276820553046045758013312674897761505972280
16923477768136237248970808858536200403329129143937829920510933065594519933295
9653314175852049200731165195407563844758509572796202547810613348196698160418
2403305441221099329641981193006706123868973499722118499607065755266019679952
19457458847693037966597886760169254153877432349841037577135468693769236324416
3066837860109597541971683805852416556838992838592172967446028225669909285523
11486764735871715706689675264077131655478509150672611961111909548236963528763
15130071481689179587069333660440699289545363006383982498993113129009553870032
15867982887006673945543038528818653210800950113041132502469379437533850564992
19663748957683443482989929520662927576028403657349791867871116793025282428259
9608963605040577290832930702985899150830036115791304037672147976702560443711
18754230531199995545387484759506545957132252401425586675377239935758611411724
12380231184199576119377206670165127700629872470537305401118178743690057065403
15897129376354648145667224541438790928332851589803799424225939972582582804840
16837228974782713967420750956128428964230311988542004114549245863143182981549
20647980929185936263574033450087036211456792123771744378885169707374979791866
623617239283905793555590862361620129036459367380853668231286010065976168275
3265193481629566882824505644326743280857862833404259483882721388392791196323
21551149885550750895436593242727143359502599155990952710495424262036920489495
4844649756242599067109897241174534239861087826389320181948905316422053501633
17736432335216498200088378962564370200348346095711816806173137871866034138301
16287312943175347443157845132228777568353059357819161614083278444352277373003
19636640772944447477000373673520860812859038288402544613399163613556468981594
17226190074740315047319807871241712581608152155050449036658390657468727933734
9707761749551039600939033870158672261054546760126301395557725700996579409741
4629919498540841668728745754965409313093973380727299663646554697188702744443
13600764533531289565074278781663707329082485753176881683846056217169778911493
6790508767223856755091967825552917281109275413745859966749934008709897345545
9532611777849589895842893270111397545625356294149029230509431911635175710040
19560866659669445556432576591347416216650353552772830124066957571824099325410
21610048941288315586514503097015947483118270253603545664580483078524377227944
13309883019466593444976695289854638153693255258586505827079969711306397507621
20117998279598513430192659798634010999497501025557666822606610166761038501704
16165388739163211185062718565974608358947254244223412940134019668936484229077
19600059764080228477861823718455625092889653318405709108188870264623123952989
20977709999724638531995481125756808828038756704722756621335324494818490475626
11209322663029012816075246706578122875092270555724043235930120968545812641456
21324888537932790062800502305380578000117272828530441319830477464895118090031
21282318127681138667653883282869514600828893646676643534974002685378575863406
